.Random.seed <-
c(403L, 10L, -1107164512L, 99546686L, 1669922121L, 801588219L, 
-112318518L, -903145172L, -1707494097L, 249314277L, -439450980L, 
1292617458L, 1655428973L, 1545314471L, -993516850L, -530755544L, 
-996316117L, -1995153847L, -80373928L, -152567290L, -509203487L, 
-149239437L, -1559041566L, -980382380L, -1611127721L, -958724019L, 
-1829794844L, -1568085558L, 344944693L, -1183781233L, 1841282966L, 
18334528L, 389279235L, 1603662881L, 1943729936L, 737766638L, 
-368560999L, -185753301L, -1831315430L, -1945087268L, 242553567L, 
1469729973L, 139307596L, -1308338526L, -69550595L, 78141175L, 
1700806686L, 1912296152L, -378145221L, 58868697L, -1816252056L, 
1337346198L, -1730083311L, 947044291L, -720075822L, -1192329628L, 
-393114201L, 153428733L, 2084738804L, -686013990L, -78838491L, 
-924777409L, -316853306L, -1592647600L, -305787789L, -1477107567L, 
1933410496L, -2094699874L, -518085015L, 1400542875L, 1673067434L, 
-311337012L, -767389041L, -2110276923L, -1387867524L, 748879570L, 
1824381517L, 1532835591L, 1226169070L, -1047392312L, -700378933L, 
637432105L, -1594209928L, 1839341222L, 245876929L, -1873723053L, 
2020093442L, -1200523468L, -482315081L, 689546413L, 839352772L, 
-431644182L, 92847701L, -1025667089L, 633192438L, -1692698336L, 
-1756842269L, -2123018367L, -126051856L, 1942407310L, -17780743L, 
-1528527477L, -638819910L, -210689860L, 1072366591L, 1226821973L, 
57051756L, 828169922L, 461277469L, 211378071L, -66479362L, -56409928L, 
686148251L, 1510959353L, 1026382408L, -324270730L, 1685984433L, 
750082275L, 1940412338L, 2107901956L, -1508877497L, -18714083L, 
746571924L, -1924675526L, 1461234309L, -1691100321L, 639120358L, 
-1299300752L, -756715117L, -1685768655L, -972706592L, 475037054L, 
-2042449911L, -1499193285L, 1170320906L, 1201602028L, 195162735L, 
-1202111067L, 1492352348L, 1569685810L, 775331885L, 936746727L, 
-1251494898L, 1499053544L, 591423467L, -1606764407L, -551642088L, 
411433798L, -1787295327L, -1723221965L, 601060770L, -1873653612L, 
-1649641705L, -1818754803L, 1886480420L, 1126885386L, 238869877L, 
-1530295089L, -2101878826L, -570826880L, 2120045507L, -1417521823L, 
-1140642864L, -13120722L, -1692944679L, 1611162859L, 654124378L, 
1530222364L, -1511484897L, -2078363019L, 1948548876L, -429342L, 
-326604867L, -998776777L, 1123822302L, -506653160L, 623262075L, 
77279513L, 1777622440L, 631734614L, -966622767L, -1552236157L, 
1472938002L, -1905282140L, 369083239L, 482236605L, 1271701556L, 
1710044058L, -1779777563L, -718271617L, -735675642L, -526584688L, 
-2064464589L, 125510353L, -1027561344L, -1657581218L, -1128700247L, 
625889627L, 987937642L, 118665740L, 1381225039L, -205553915L, 
-1489504324L, 91501202L, 541751693L, -163159609L, -964296018L, 
-765031672L, 433830155L, -608270359L, 1189568696L, -315472026L, 
393044993L, -372354413L, 987723074L, 874896116L, -1935726857L, 
-2137430291L, -2003209852L, -1606746198L, -827489003L, -2314321L, 
-1402347594L, 1689306592L, -2103354077L, 1765306945L, 701635888L, 
516732750L, -1723998791L, 68538376L, 1601674508L, -1191301988L, 
1693253138L, 1221754752L, -1115140588L, 860072488L, 4289850L, 
52316624L, 1463759980L, -453695180L, 1421579922L, 478251872L, 
-931073204L, 62797792L, -969173086L, 1112377256L, -1536545396L, 
1721403580L, -550958734L, 1747686640L, -1565380540L, 294363480L, 
-2081610182L, 282164080L, -1366804420L, -188719340L, -1744214590L, 
-251430176L, 808621948L, -1705189680L, 1207654562L, -248017880L, 
1707074828L, 2120116156L, -563648206L, 1857317312L, -2128721356L, 
-1828185144L, 300366010L, -1809012336L, -1799663124L, 595051092L, 
141488274L, -880562400L, 717285836L, 571839968L, 1613690562L, 
19719208L, 1222488748L, 646964412L, 1776347634L, 450670896L, 
-1175677788L, 1368950456L, 2055847258L, -508267120L, -1430695044L, 
864938260L, -805829822L, 268229376L, -1971554372L, 1299308368L, 
-1113177310L, -1631789752L, -1006802420L, 495437916L, 242318546L, 
-49735168L, -2070942380L, 1238669800L, -429224966L, 1058128080L, 
904564012L, -715939084L, 37689746L, -292768672L, -1594317556L, 
1486033632L, 1305626978L, 461183656L, 1936851532L, -861507204L, 
-1253554894L, -540872592L, -298875068L, 1457847768L, 395381882L, 
-2016006608L, -371520836L, -1600610476L, -231861182L, -786596448L, 
-886748484L, 1347041744L, -1844052638L, 18083816L, 222234572L, 
1261129468L, -689987086L, 1582008448L, -1601174284L, -1735784824L, 
127358778L, -1023904944L, 1788995180L, -64814956L, 1005031762L, 
181518048L, -1963642164L, -1466896224L, 242563970L, -1953959192L, 
-1124691220L, -1263625156L, 971412082L, -179080080L, 2047264292L, 
284050488L, -504088550L, -1512711472L, -94481348L, -2040257388L, 
-265905022L, -1549973568L, -418457284L, 1621742224L, -1243108318L, 
1607877640L, 1996982412L, 2106932252L, -654289262L, -609516416L, 
29331476L, -604248792L, -384676294L, -535665456L, 1921438828L, 
-1911344460L, 1107105810L, 1479313376L, 1404219340L, -100299296L, 
-1504068062L, 1834494248L, 825397516L, 788489788L, -2088300302L, 
-468440336L, -77016252L, 1593432664L, -415661510L, -179370256L, 
1013648572L, -232583660L, -1555857214L, 1133125728L, -1160008324L, 
-297976624L, -1750643678L, 4930216L, -1045839988L, 661559740L, 
1088128050L, -753236160L, 1763629236L, 238400328L, -621851974L, 
-1491529968L, -1755203348L, 992629844L, -1373849838L, -646827104L, 
-1478910004L, -815223968L, 86597826L, -1959639512L, 1798641068L, 
780259132L, -680566926L, -477072592L, -1006788060L, -693309384L, 
415763674L, -1145716336L, 1823389436L, 1390153620L, -881990846L, 
857070080L, -946724292L, 1133434448L, 873403042L, 289127240L, 
-1706419700L, 1442295004L, 303772242L, -1415919488L, 947469140L, 
-1019932184L, -1133024518L, 476698448L, 1906549804L, -1555327628L, 
-1726652782L, 12106336L, -690466164L, -676271264L, -343231774L, 
-362489688L, -1784000308L, -1395834372L, -864354382L, -397568528L, 
1160818116L, 167409496L, -109454470L, 1371454896L, -328171076L, 
159457364L, -1304398910L, 1331323680L, 159569852L, 1439347280L, 
1478733282L, -309661336L, 1951976780L, 489464060L, 782314801L, 
-1485011338L, -1280084076L, -1468202075L, 1791734959L, 1302915432L, 
649204038L, -1915983629L, 653424213L, -1831200206L, -1121769472L, 
-1039024919L, 1026898779L, 190274988L, 885900730L, 582124399L, 
947541241L, 983746958L, 682245212L, 1295093453L, 1309092407L, 
1844535488L, 1141469086L, 2011182187L, 1770230765L, 844215898L, 
-206014184L, 976275073L, -957653965L, -595006892L, -121577886L, 
-44797705L, -649518271L, -143353402L, 1466131204L, 1690158773L, 
1418162591L, 1401990648L, -1222958122L, -575340957L, -512819675L, 
1375374786L, 758235824L, -308802855L, -1065587637L, -1343311172L, 
1388818666L, -803902177L, 1124595113L, -332098754L, 1975529004L, 
-1101603715L, 444262087L, 793173936L, 427880910L, -761287941L, 
-365397667L, 455625354L, 1245771944L, 1378421777L, 2136595715L, 
1208102916L, 1296695346L, 1023748231L, -1165843247L, 1899560534L, 
1059147316L, -1376967355L, -547952753L, 2043286280L, 1153209638L, 
782536147L, 1970292533L, -418951534L, -173442464L, -1522181175L, 
-1536304389L, 776889548L, 2026749274L, -22818737L, 1332182297L, 
-228542674L, -1468479172L, 1639202477L, -1185187497L, 1228404896L, 
1272153598L, -533554997L, -209557811L, 149156346L, -1635497416L, 
1652541409L, -83689325L, 299180724L, 2053779394L, 973069271L, 
1452520481L, -1509162010L, 2111745764L, 277527061L, 1420292671L, 
96487896L, -1902755850L, -1013151741L, -626154683L, -1678448798L, 
-1161590576L, -1844202503L, 1794379563L, 1241263260L, -1084923190L, 
-1284363329L, -2028394743L, 1803259934L, -1444421172L, -1916720227L, 
-301914585L, -1031852976L, 1961202926L, 2132513179L, -865974275L, 
996655850L, -2110302840L, 1300615985L, -1161966685L, 1821514660L, 
1012758098L, 770233767L, 503714289L, -1339800266L, 1711418836L, 
362840933L, -779154577L, -768457304L, -2086642938L, 408378931L, 
-130460523L, -1749005070L, -454017728L, -144538967L, 733219611L, 
-671695636L, -994623238L, 1776517423L, 591754553L, -1887783090L, 
570654108L, 1416011533L, -334980745L, 1170275712L, 1597529054L, 
